0 (512, 512, 75)
1 (512, 512, 123)
2 (512, 512, 517)
3 (512, 512, 534)
4 (512, 512, 841)
5 (512, 512, 537)
6 (512, 512, 518)
7 (512, 512, 541)
8 (512, 512, 541)
9 (512, 512, 549)
10 (512, 512, 501)
11 (512, 512, 466)
12 (512, 512, 455)
13 (512, 512, 605)
14 (512, 512, 588)
15 (512, 512, 565)
16 (512, 512, 689)
17 (512, 512, 826)
18 (512, 512, 845)
19 (512, 512, 547)
20 (512, 512, 574)
21 (512, 512, 437)
22 (512, 512, 247)
23 (512, 512, 391)
24 (512, 512, 276)
25 (512, 512, 601)
26 (512, 512, 668)
27 (512, 512, 861)
28 (512, 512, 129)
29 (512, 512, 172)
30 (512, 512, 200)
31 (512, 512, 91)
32 (512, 512, 139)
33 (512, 512, 135)
34 (512, 512, 151)
35 (512, 512, 124)
36 (512, 512, 111)
37 (512, 512, 122)
38 (512, 512, 132)
39 (512, 512, 260)
40 (512, 512, 122)
41 (512, 512, 113)
42 (512, 512, 125)
43 (512, 512, 155)
44 (512, 512, 119)
45 (512, 512, 74)
46 (512, 512, 124)
47 (512, 512, 225)
48 (512, 512, 244)
49 (512, 512, 254)
50 (512, 512, 240)
51 (512, 512, 227)
52 (512, 512, 237)
53 (512, 512, 105)
54 (512, 512, 96)
55 (512, 512, 192)
56 (512, 512, 239)
57 (512, 512, 366)
58 (512, 512, 212)
59 (512, 512, 216)
60 (512, 512, 244)
61 (512, 512, 193)
62 (512, 512, 188)
63 (512, 512, 104)
64 (512, 512, 230)
65 (512, 512, 513)
66 (512, 512, 86)
67 (512, 512, 165)
68 (512, 512, 266)
69 (512, 512, 245)
70 (512, 512, 333)
71 (512, 512, 94)
72 (512, 512, 93)
73 (512, 512, 121)
74 (512, 512, 107)
75 (512, 512, 89)
76 (512, 512, 168)
77 (512, 512, 94)
78 (512, 512, 198)
79 (512, 512, 147)
80 (512, 512, 217)
81 (512, 512, 343)
82 (512, 512, 519)
83 (512, 512, 871)
84 (512, 512, 733)
85 (512, 512, 630)
86 (512, 512, 647)
87 (512, 512, 896)
88 (512, 512, 811)
89 (512, 512, 766)
90 (512, 512, 751)
91 (512, 512, 751)
92 (512, 512, 836)
93 (512, 512, 696)
94 (512, 512, 917)
95 (512, 512, 841)
96 (512, 512, 722)
97 (512, 512, 671)
98 (512, 512, 645)
99 (512, 512, 629)
100 (512, 512, 685)
101 (512, 512, 683)
102 (512, 512, 677)
103 (512, 512, 683)
104 (512, 512, 781)
105 (512, 512, 986)
106 (512, 512, 771)
107 (512, 512, 771)
108 (512, 512, 856)
109 (512, 512, 756)
110 (512, 512, 816)
111 (512, 512, 761)
112 (512, 512, 751)
113 (512, 512, 836)
114 (512, 512, 846)
115 (512, 512, 846)
116 (512, 512, 908)
117 (512, 512, 836)
118 (512, 512, 427)
119 (512, 512, 461)
120 (512, 512, 424)
121 (512, 512, 463)
122 (512, 512, 422)
123 (512, 512, 432)
124 (512, 512, 407)
125 (512, 512, 410)
126 (512, 512, 401)
127 (512, 512, 987)
128 (512, 512, 654)
129 (512, 512, 338)
130 (512, 512, 624)